   0.0000000e+00
   2.4341636e-03
   4.8657907e-03
   7.2923481e-03
   9.7113087e-03
   1.2120155e-02
   1.4516381e-02
   1.6897499e-02
   1.9261036e-02
   2.1604544e-02
   2.3925598e-02
   2.6221802e-02
   2.8490791e-02
   3.0730233e-02
   3.2937834e-02
   3.5111338e-02
   3.7248535e-02
   3.9347257e-02
   4.1405388e-02
   4.3420861e-02
   4.5391664e-02
   4.7315842e-02
   4.9191499e-02
   5.1016802e-02
   5.2789983e-02
   5.4509340e-02
   5.6173241e-02
   5.7780126e-02
   5.9328509e-02
   6.0816982e-02
   6.2244214e-02
   6.3608954e-02
   6.4910035e-02
   6.6146373e-02
   6.7316970e-02
   6.8420916e-02
   6.9457390e-02
   7.0425660e-02
   7.1325086e-02
   7.2155121e-02
   7.2915312e-02
   7.3605297e-02
   7.4224813e-02
   7.4773688e-02
   7.5251850e-02
   7.5659319e-02
   7.5996213e-02
   7.6262745e-02
   7.6459223e-02
   7.6586049e-02
   7.6643722e-02
   7.6632830e-02
   7.6554059e-02
   7.6408180e-02
   7.6196059e-02
   7.5918646e-02
   7.5576982e-02
   7.5172189e-02
   7.4705475e-02
   7.4178125e-02
   7.3591505e-02
   7.2947058e-02
   7.2246296e-02
   7.1490805e-02
   7.0682238e-02
   6.9822311e-02
   6.8912803e-02
   6.7955550e-02
   6.6952444e-02
   6.5905426e-02
   6.4816485e-02
   6.3687657e-02
   6.2521013e-02
   6.1318665e-02
   6.0082753e-02
   5.8815448e-02
   5.7518945e-02
   5.6195458e-02
   5.4847220e-02
   5.3476471e-02
   5.2085465e-02
   5.0676454e-02
   4.9251695e-02
   4.7813438e-02
   4.6363923e-02
   4.4905383e-02
   4.3440029e-02
   4.1970055e-02
   4.0497632e-02
   3.9024902e-02
   3.7553974e-02
   3.6086927e-02
   3.4625797e-02
   3.3172582e-02
   3.1729234e-02
   3.0297658e-02
   2.8879707e-02
   2.7477182e-02
   2.6091829e-02
   2.4725332e-02
   2.3379318e-02
   2.2055349e-02
   2.0754922e-02
   1.9479468e-02
   1.8230348e-02
   1.7008855e-02
   1.5816209e-02
   1.4653557e-02
   1.3521973e-02
   1.2422457e-02
   1.1355933e-02
   1.0323248e-02
   9.3251738e-03
   8.3624067e-03
   7.4355650e-03
   6.5451909e-03
   5.6917503e-03
   4.8756330e-03
   4.0971536e-03
   3.3565516e-03
   2.6539924e-03
   1.9895683e-03
   1.3632990e-03
   7.7513333e-04
   2.2494981e-04
  -2.8744169e-04
  -7.6229869e-04
  -1.1999447e-03
  -1.6007676e-03
  -1.9652183e-03
  -2.2938085e-03
  -2.5871098e-03
  -2.8457512e-03
  -3.0704178e-03
  -3.2618485e-03
  -3.4208346e-03
  -3.5482174e-03
  -3.6448867e-03
  -3.7117786e-03
  -3.7498735e-03
  -3.7601942e-03
  -3.7438039e-03
  -3.7018041e-03
  -3.6353329e-03
  -3.5455627e-03
  -3.4336981e-03
  -3.3009744e-03
  -3.1486553e-03
  -2.9780308e-03
  -2.7904156e-03
  -2.5871469e-03
  -2.3695825e-03
  -2.1390990e-03
  -1.8970897e-03
  -1.6449628e-03
  -1.3841398e-03
  -1.1160528e-03
  -8.4214373e-04
  -5.6386153e-04
  -2.8266085e-04
   0.0000000e+00
